Appendix D

970 results from simulations


materials_pressure
pressure distribution from 20 to 40 MPa with step 1 Mpa

AS463 [185.434, 193.612, 201.744, 209.831, 217.876, 225.88, 233.846, 241.774, 249.667, 257.525, 265.351, 273.144, 280.907, 288.64, 296.345, 304.021, 311.671, 319.295, 326.893, 334.467]
IM6 [134.109, 140.108, 146.07, 151.998, 157.893, 163.757, 169.592, 175.399, 181.179, 186.934, 192.664, 198.372, 204.056, 209.719, 215.361, 220.984, 226.587, 232.171, 237.738, 243.287]
Mod [128.316, 134.137, 139.922, 145.674, 151.394, 157.083, 162.744, 168.379, 173.988, 179.572, 185.134, 190.672, 196.19, 201.687, 207.164, 212.623, 218.063, 223.486, 228.892, 234.282]
GY70 [281.071, 293.469, 305.799, 318.064, 330.267, 342.411, 354.499, 366.533, 378.516, 390.449, 402.335, 414.175, 425.973, 437.73, 449.447, 461.125, 472.765, 484.367, 495.935, 507.467]
AS458 [129.936, 135.715, 141.46, 147.172, 152.855, 158.509, 164.136, 169.738, 175.314, 180.867, 186.397, 191.905, 197.392, 202.859, 208.307, 213.736, 219.147, 224.542, 229.919, 235.28]
AGP3705H [11.8238, 12.4174, 13.0111, 13.6051, 14.1992, 14.7935, 15.388, 15.9827, 16.5775, 17.1725, 17.7677, 18.3631, 18.9586, 19.5543, 20.1501, 20.7461, 21.3423, 21.9386, 22.535, 23.1316]
CF0604 [23.4471, 24.6224, 25.797, 26.9708, 28.1438, 29.3181, 30.4894, 31.6596, 32.8287, 33.9966, 35.1631, 36.3283, 37.4921, 38.6545, 39.8153, 40.9747, 42.1324, 43.2886, 44.4431, 45.596]
E_glass55 [261.101, 272.238, 283.236, 294.199, 305.082, 315.889, 326.623, 337.287, 347.884, 358.416, 369.012, 379.429, 389.789, 400.092, 410.341, 420.537, 430.682, 440.782, 450.829, 460.829]
E_glass45 [102.203, 106.72, 111.211, 115.677, 120.12, 124.541, 128.941, 133.32, 137.679, 142.02, 146.342, 150.647, 154.935, 159.206, 163.462, 167.702, 171.928, 176.139, 180.336, 184.519]
S_glass55 [103.168, 107.73, 112.265, 116.776, 121.263, 125.728, 130.172, 134.595, 138.998, 143.382, 147.748, 152.096, 156.428, 160.742, 165.041, 169.325, 173.593, 177.847, 182.087, 186.313]
Style [32.7836, 34.3326, 35.8732, 37.406, 38.9313, 40.4492, 41.9599, 43.4637, 44.9608, 46.4515, 47.9359, 49.4144, 50.887, 52.3541, 53.8158, 55.2722, 56.7236, 58.1701, 59.6119, 61.049]
M10E [38.8745, 40.6431, 42.4015, 44.1503, 45.89, 47.621, 49.3438, 51.0587, 52.7661, 54.4664, 56.1597, 57.8465, 59.5269, 61.2012, 62.8696, 64.5324, 66.1896, 67.8415, 69.4884, 71.1302]
Kevlar49 [124.258, 129.772, 135.256, 140.713, 146.144, 151.55, 156.933, 162.294, 167.634, 172.953, 178.252, 183.534, 188.797, 194.043, 199.272, 204.485, 209.684, 214.867, 220.036, 225.191]
K120 [42.6486, 44.5926, 46.5259, 48.4491, 50.3627, 52.2673, 54.1634, 56.0513, 57.9314, 59.8041, 61.6697, 63.5285, 65.3809, 67.227, 69.0672, 70.9016, 72.7304, 74.5538, 76.3722, 78.1855]
simlations =  280


orientation_res
pressure distribution from 20 to 40 MPa with step 2 Mpa
Mod_0° [162.131, 176.309, 190.289, 204.09, 217.729, 231.219, 244.573, 257.801, 270.912, 283.914]
Mod_5° [159.387, 173.361, 187.141, 200.746, 214.192, 227.493, 240.661, 253.706, 266.636, 279.459]
Mod_10° [155.193, 168.888, 182.394, 195.729, 208.926, 221.99, 234.927, 247.747, 260.457, 273.065]
Mod_15° [153.092, 166.741, 180.211, 193.52, 206.696, 219.746, 232.675, 245.493, 258.206, 270.823]
Mod_20° [151.956, 165.628, 179.136, 192.498, 205.723, 218.822, 231.807, 244.687, 257.469, 270.16]
Mod_25° [150.248, 163.856, 177.305, 190.61, 203.785, 216.847, 229.802, 242.657, 255.419, 268.095]
Mod_30° [148.009, 161.461, 174.761, 187.932, 200.98, 213.915, 226.746, 239.482, 252.129, 264.693]
Mod_35° [145.907, 159.2, 172.347, 185.362, 198.258, 211.046, 223.734, 236.33, 248.84, 261.271]
Mod_40° [144.471, 157.647, 170.68, 183.584, 196.372, 209.053, 221.636, 234.129, 246.538, 258.869]
Mod_45° [143.964, 157.099, 170.092, 182.957, 195.705, 208.348, 220.894, 233.35, 245.722, 258.018]
Mod_50° [144.471, 157.647, 170.68, 183.584, 196.372, 209.053, 221.636, 234.129, 246.538, 258.869]
Mod_55° [145.907, 159.2, 172.347, 185.362, 198.258, 211.046, 223.734, 236.33, 248.84, 261.271]
Mod_60° [148.009, 161.461, 174.761, 187.932, 200.98, 213.915, 226.746, 239.482, 252.129, 264.693]
Mod_65° [150.248, 163.856, 177.305, 190.61, 203.785, 216.847, 229.802, 242.657, 255.419, 268.095]
Mod_70° [151.956, 165.628, 179.136, 192.498, 205.723, 218.822, 231.807, 244.687, 257.469, 270.16]
Mod_75° [153.092, 166.741, 180.211, 193.52, 206.696, 219.746, 232.675, 245.493, 258.206, 270.823]
Mod_80° [155.193, 168.888, 182.394, 195.729, 208.926, 221.99, 234.927, 247.747, 260.457, 273.065]
Mod_85° [159.387, 173.361, 187.141, 200.746, 214.192, 227.493, 240.661, 253.706, 266.636, 279.459]
Mod_90° [162.131, 176.309, 190.289, 204.09, 217.729, 231.219, 244.573, 257.801, 270.912, 283.914]
simlations =  470


pressure_res
:: description ::
AGP3705H_XXX_YYY_MPa -
	xxx - nozzle diameter
	yyy - pressure * 10
	distribution for working distance 10;100;10

AGP3705H_0.05_200_MPa [1.2535, 2.9917, 5.47661, 8.60964, 12.363, 16.6942, 21.5896, 27.0575, 32.9866, 39.4432]
AGP3705H_0.05_220_MPa [1.3789, 3.29116, 6.02538, 9.47337, 13.6046, 18.3724, 23.7616, 29.7807, 36.3058, 43.4079]
AGP3705H_0.05_240_MPa [1.50435, 3.59081, 6.57446, 10.3376, 14.847, 20.0519, 25.9352, 32.5053, 39.6256, 47.3713]
AGP3705H_0.05_260_MPa [1.62984, 3.89054, 7.12375, 11.2022, 16.0903, 21.7326, 28.1103, 35.2312, 42.9454, 51.3322]
AGP3705H_0.05_280_MPa [1.75535, 4.19034, 7.67325, 12.0673, 17.3343, 23.4143, 30.2865, 37.9578, 46.2646, 55.2895]
AGP3705H_0.05_300_MPa [1.88087, 4.49022, 8.22296, 12.9328, 18.579, 25.0971, 32.4637, 40.6848, 49.5826, 59.2425]
AGP3705H_0.05_320_MPa [2.00641, 4.79017, 8.77287, 13.7988, 19.8244, 26.7808, 34.6418, 43.4118, 52.8987, 63.1901]
AGP3705H_0.05_340_MPa [2.13198, 5.0902, 9.32298, 14.6652, 21.0706, 28.4653, 36.8205, 46.1386, 56.2124, 67.1346]
AGP3705H_0.05_360_MPa [2.25756, 5.3903, 9.87329, 15.5319, 22.3173, 30.1506, 38.9996, 48.8647, 59.5232, 71.07]
AGP3705H_0.05_380_MPa [2.38316, 5.69047, 10.4238, 16.3991, 23.5647, 31.8365, 41.1791, 51.5899, 62.8306, 74.9981]
AGP3705H_0.1_200_MPa [2.14072, 4.33428, 7.19318, 10.6843, 14.7813, 19.4405, 24.6517, 30.3935, 36.6434, 43.3765]
AGP3705H_0.1_220_MPa [2.35493, 4.76838, 7.91445, 11.7568, 16.2666, 21.3957, 27.1325, 33.4523, 40.3287, 47.7323]
AGP3705H_0.1_240_MPa [2.56927, 5.20274, 8.6361, 12.83, 17.753, 23.3525, 29.6149, 36.5122, 44.0136, 52.0847]
AGP3705H_0.1_260_MPa [2.78366, 5.63724, 9.35809, 13.9038, 19.2405, 25.3105, 32.0987, 39.5728, 47.6974, 56.4323]
AGP3705H_0.1_280_MPa [2.99809, 6.07188, 10.0804, 14.9783, 20.7289, 27.2698, 34.5835, 42.6335, 51.3791, 60.774]
AGP3705H_0.1_300_MPa [3.21257, 6.50666, 10.8031, 16.0533, 22.2182, 29.2301, 37.069, 45.6938, 55.0579, 65.111]
AGP3705H_0.1_320_MPa [3.42709, 6.94157, 11.526, 17.1289, 23.7083, 31.1914, 39.5551, 48.7532, 58.7331, 69.4381]
AGP3705H_0.1_340_MPa [3.64165, 7.37663, 12.2493, 18.2051, 25.1993, 33.1534, 42.0414, 51.8113, 62.404, 73.7562]
AGP3705H_0.1_360_MPa [3.85625, 7.81181, 12.9729, 19.2819, 26.6909, 35.1161, 44.5276, 54.8677, 66.0729, 78.0646]
AGP3705H_0.1_380_MPa [4.0709, 8.24714, 13.6968, 20.3591, 28.1833, 37.0794, 47.0136, 57.9219, 69.734, 82.3626]
AGP3705H_0.25_200_MPa [6.328, 9.64648, 13.5632, 18.0798, 23.1395, 28.7361, 34.8474, 41.4054, 48.464, 55.956]
AGP3705H_0.25_220_MPa [6.96231, 10.6145, 14.9258, 19.8978, 25.4679, 31.6282, 38.353, 45.5655, 53.3224, 61.5491]
AGP3705H_0.25_240_MPa [7.59696, 11.5831, 16.2893, 21.7171, 27.7978, 34.5217, 41.8588, 49.7232, 58.174, 67.1273]
AGP3705H_0.25_260_MPa [8.23188, 12.5523, 17.6537, 23.5378, 30.1292, 37.4161, 45.3641, 53.8774, 63.0191, 72.6897]
AGP3705H_0.25_280_MPa [8.86706, 13.522, 19.019, 25.3596, 32.4617, 40.311, 48.8681, 58.027, 67.8527, 78.2346]
AGP3705H_0.25_300_MPa [9.50251, 14.4922, 20.3851, 27.1824, 34.7951, 43.2059, 52.37, 62.1708, 72.675, 83.7604]
AGP3705H_0.25_320_MPa [10.1382, 15.4629, 21.752, 29.0062, 37.1292, 46.1005, 55.8693, 66.3106, 77.4849, 89.2658]
AGP3705H_0.25_340_MPa [10.7742, 16.4341, 23.1196, 30.8308, 39.4638, 48.9944, 59.3653, 70.441, 82.2813, 94.75]
AGP3705H_0.25_360_MPa [11.4104, 17.4058, 24.4879, 32.6561, 41.7986, 51.887, 62.8574, 74.5632, 87.0635, 100.212]
AGP3705H_0.25_380_MPa [12.0469, 18.3779, 25.8569, 34.4821, 44.1335, 54.7782, 66.3482, 78.6766, 91.8307, 105.652]
AGP3705H_0.5_200_MPa [17.4409, 22.4272, 27.9533, 33.9972, 40.4917, 47.4902, 54.9265, 62.711, 70.9161, 78.2227]
AGP3705H_0.5_220_MPa [19.1944, 24.6837, 30.7666, 37.4177, 44.5609, 52.2528, 60.4177, 68.9551, 77.9411, 85.9337]
AGP3705H_0.5_240_MPa [20.9493, 26.9418, 33.5814, 40.8386, 48.6283, 57.0092, 65.8984, 75.1776, 84.9327, 93.5996]
AGP3705H_0.5_260_MPa [22.7054, 29.2013, 36.3972, 44.2592, 52.6925, 61.7579, 71.3629, 81.376, 91.8886, 101.218]
AGP3705H_0.5_280_MPa [24.4627, 31.462, 39.2137, 47.6788, 56.7527, 66.4999, 76.811, 87.5486, 98.8068, 108.789]
AGP3705H_0.5_300_MPa [26.2209, 33.7237, 42.0304, 51.0968, 60.8077, 71.2295, 82.2411, 93.6937, 105.686, 116.31]
AGP3705H_0.5_320_MPa [27.9801, 35.9861, 44.8469, 54.5125, 64.8593, 75.9476, 87.6521, 99.8103, 112.526, 123.781]
AGP3705H_0.5_340_MPa [29.7401, 38.2491, 47.6629, 57.9254, 68.9022, 80.6532, 93.043, 105.898, 119.327, 131.204]
AGP3705H_0.5_360_MPa [31.5009, 40.5124, 50.478, 61.3348, 72.9376, 85.3455, 98.4129, 111.955, 126.087, 138.579]
AGP3705H_0.5_380_MPa [33.2623, 42.7759, 53.2919, 64.7431, 76.9649, 90.0237, 103.761, 117.982, 132.809, 145.905]
AGP3705H_1_200_MPa [52.8893, 60.5679, 68.6798, 77.0696, 84.7802, 93.9534, 103.505, 113.233, 123.192, 133.463]
AGP3705H_1_220_MPa [58.1818, 66.6076, 75.4933, 84.6715, 93.0966, 103.103, 113.505, 124.084, 134.899, 146.04]
AGP3705H_1_240_MPa [63.4656, 72.6269, 82.2768, 92.2299, 101.356, 112.177, 123.412, 134.821, 146.47, 158.46]
AGP3705H_1_260_MPa [68.7355, 78.6249, 89.028, 99.7426, 109.557, 121.176, 133.225, 145.445, 157.911, 170.73]
AGP3705H_1_280_MPa [73.9911, 84.5998, 95.7448, 107.208, 117.699, 130.101, 142.947, 155.963, 169.229, 182.861]
AGP3705H_1_300_MPa [79.2311, 90.55, 102.426, 114.626, 125.782, 138.952, 152.58, 166.377, 180.428, 194.859]
AGP3705H_1_320_MPa [84.4541, 96.4744, 109.071, 121.996, 133.806, 147.731, 162.129, 176.693, 191.516, 206.733]
AGP3705H_1_340_MPa [89.6592, 102.372, 115.679, 129.318, 141.772, 156.441, 171.596, 186.915, 202.499, 218.49]
AGP3705H_1_360_MPa [94.8456, 108.243, 122.25, 136.592, 149.682, 165.083, 180.984, 197.048, 213.382, 230.137]
AGP3705H_1_380_MPa [100.013, 114.085, 128.785, 143.821, 157.537, 173.66, 190.297, 207.097, 224.171, 241.681]
[Finished in 7.3s]